0 0.173594 0.587492 0.097396 0.192578
0 0.311698 0.545555 0.062729 0.131828
0 0.357969 0.528219 0.055646 0.118656
0 0.284271 0.522766 0.019833 0.056750
0 0.219667 0.445969 0.028167 0.051375
0 0.262896 0.463148 0.034833 0.084328
0 0.253656 0.572109 0.049104 0.106563
0 0.879958 0.460859 0.021375 0.057906
0 0.128125 0.461469 0.052875 0.086875
0 0.218115 0.520258 0.049063 0.089703
0 0.158292 0.474523 0.033333 0.039297
0 0.815500 0.450656 0.027750 0.049938
0 0.134083 0.520453 0.046583 0.054625
0 0.545833 0.490625 0.900000 0.206250
