5 0.472000 0.597521 0.299000 0.055756
5 0.718461 0.552752 0.141547 0.015756
5 0.338820 0.528792 0.104266 0.016197
5 0.127859 0.580389 0.255719 0.148004
5 0.645336 0.559590 0.115578 0.061786
0 0.601109 0.524307 0.007000 0.014328
0 0.770086 0.516912 0.039641 0.065882
2 0.520625 0.706744 0.091938 0.173025
2 0.612367 0.705693 0.096391 0.183613
2 0.301992 0.687122 0.090547 0.186471
2 0.318820 0.565903 0.041891 0.075420
2 0.384148 0.555063 0.042828 0.050462
2 0.438500 0.557258 0.047438 0.047836
2 0.197750 0.609181 0.069875 0.121639
2 0.117562 0.604338 0.062313 0.120903
2 0.792844 0.608582 0.048000 0.099391
2 0.394789 0.705882 0.104391 0.180588
2 0.740484 0.608918 0.061562 0.100903
2 0.672281 0.605210 0.056000 0.105756
0 0.614062 0.519433 0.018375 0.020336
2 0.827141 0.604496 0.028594 0.106639
2 0.405469 0.588235 0.810937 0.197479
