3 0.442992 0.248052 0.090391 0.072813
3 0.226164 0.203677 0.038109 0.104354
2 0.526609 0.716135 0.320969 0.486021
2 0.213406 0.359792 0.079500 0.173208
11 0.243430 0.633813 0.084172 0.063542
11 0.132078 0.631333 0.141906 0.085042
2 0.677758 0.408281 0.064141 0.145812
3 0.974234 0.323719 0.051531 0.154646
13 0.352680 0.493646 0.035953 0.089208
13 0.793469 0.257698 0.024563 0.064521
2 0.084961 0.429052 0.136234 0.222771
2 0.457914 0.339167 0.124734 0.120167
3 0.573320 0.377500 0.022172 0.082000
11 0.633883 0.315865 0.054922 0.013354
