0 0.866539 0.484556 0.266922 0.740514
0 0.664875 0.500000 0.170531 0.464065
0 0.539195 0.504124 0.141359 0.291752
0 0.263742 0.502687 0.524484 0.957290
0 0.431687 0.471659 0.095312 0.156776
0 0.479898 0.456589 0.044797 0.114439
7 0.353078 0.686098 0.203469 0.270701
5 0.484938 0.881507 0.380312 0.236986
7 0.806680 0.908890 0.295734 0.182220
7 0.313586 0.685047 0.082109 0.064112
12 0.791805 0.531647 0.031516 0.050257
0 0.274344 0.584755 0.089188 0.104042
5 0.320711 0.635315 0.055078 0.028341
0 0.025133 0.402979 0.046734 0.146472
