0 0.149867 0.502345 0.299734 0.995309
0 0.411672 0.546817 0.293531 0.874356
0 0.713875 0.602397 0.154812 0.755876
0 0.613953 0.616598 0.245344 0.766804
11 0.861281 0.317758 0.010562 0.074227
11 0.819906 0.319124 0.009625 0.073866
11 0.836836 0.320631 0.012141 0.072397
11 0.846234 0.321340 0.006719 0.072577
11 0.820758 0.550399 0.010953 0.069716
11 0.848617 0.548879 0.050141 0.061057
11 0.853383 0.320851 0.006891 0.067577
11 0.809305 0.321495 0.004297 0.068351
0 0.891445 0.680039 0.217109 0.625799
