3 0.253906 0.660073 0.043969 0.058312
3 0.262477 0.670490 0.015516 0.043896
2 0.196680 0.683563 0.010672 0.021042
5 0.164734 0.685729 0.016438 0.021667
2 0.228242 0.680073 0.021141 0.024063
0 0.791523 0.697542 0.021422 0.061708
0 0.886875 0.665240 0.012094 0.048396
0 0.814367 0.653813 0.009453 0.037167
0 0.338781 0.800667 0.059344 0.224417
0 0.838453 0.669302 0.013719 0.043438
0 0.943945 0.666979 0.010391 0.039250
0 0.054555 0.720573 0.016484 0.053104
0 0.933406 0.663406 0.009656 0.044437
0 0.921820 0.663167 0.011766 0.034667
0 0.543594 0.796333 0.038125 0.166167
0 0.623539 0.775583 0.064172 0.239333
2 0.206969 0.681125 0.007906 0.020292
0 0.071367 0.761896 0.042891 0.105375
0 0.376438 0.797406 0.057469 0.217979
0 0.507031 0.692708 0.960938 0.118750
