0 0.896266 0.832482 0.033531 0.069415
0 0.231117 0.873618 0.048453 0.190843
0 0.323945 0.891358 0.069453 0.217283
0 0.606586 0.944286 0.045078 0.111429
0 0.498039 0.861710 0.056359 0.151850
0 0.661195 0.903372 0.098953 0.193255
0 0.863031 0.903033 0.060094 0.193934
0 0.098297 0.891241 0.112656 0.217518
0 0.955086 0.891112 0.089828 0.217775
0 0.383070 0.869660 0.025484 0.152810
0 0.036266 0.856452 0.056469 0.174918
0 0.597688 0.874742 0.045625 0.176136
0 0.223266 0.801230 0.022000 0.051358
12 0.746250 0.312119 0.032625 0.042037
0 0.503906 0.803279 0.864062 0.135831
