0 0.058115 0.757359 0.073146 0.125844
0 0.569719 0.748898 0.092937 0.052266
0 0.115698 0.755250 0.039062 0.119250
0 0.098167 0.750055 0.023792 0.098141
0 0.862344 0.719492 0.037104 0.082547
0 0.847479 0.698227 0.022000 0.058328
0 0.280906 0.725961 0.037896 0.064266
0 0.014948 0.748687 0.029896 0.108656
0 0.881375 0.708117 0.020083 0.054922
0 0.894135 0.708461 0.020771 0.059484
0 0.247031 0.709422 0.033063 0.021625
0 0.736500 0.501461 0.015833 0.022047
0 0.827354 0.497492 0.016625 0.020422
0 0.513542 0.651563 0.947917 0.343750
