6 0.223844 0.340071 0.140281 0.173035
2 0.853281 0.776765 0.198500 0.419365
2 0.469711 0.563235 0.159953 0.122565
5 0.386719 0.800588 0.764062 0.371765
11 0.093484 0.314412 0.015094 0.009576
11 0.092828 0.376859 0.028719 0.022612
11 0.091773 0.359565 0.024578 0.017529
11 0.084602 0.293341 0.034141 0.052235
13 0.370258 0.688600 0.066797 0.201153
11 0.096961 0.395035 0.024891 0.011529
11 0.088547 0.333224 0.030437 0.018071
11 0.097922 0.429647 0.009469 0.038918
11 0.100789 0.459247 0.027453 0.012424
11 0.096258 0.407671 0.030484 0.016518
2 0.018781 0.703965 0.037531 0.156024
3 0.157602 0.126341 0.042078 0.071176
3 0.338461 0.160941 0.031203 0.085035
