10 0.503281 0.468904 0.008906 0.019534
10 0.330820 0.544359 0.031266 0.046154
0 0.077281 0.646072 0.109156 0.469254
0 0.346453 0.632576 0.108469 0.505618
0 0.450391 0.661795 0.102438 0.429231
0 0.900578 0.678660 0.117594 0.436853
0 0.248539 0.647191 0.123516 0.525851
0 0.806633 0.685396 0.079828 0.386503
0 0.738258 0.692611 0.034672 0.184476
0 0.533438 0.663520 0.124219 0.499627
0 0.655359 0.676212 0.077906 0.425012
0 0.758078 0.700105 0.030500 0.182587
0 0.145461 0.619580 0.022953 0.068951
0 0.703898 0.704103 0.030266 0.173939
0 0.588062 0.669266 0.069000 0.461235
10 0.435586 0.565559 0.011547 0.011166
0 0.525781 0.650350 0.495312 0.400932
