0 0.535492 0.519531 0.257266 0.932582
0 0.130336 0.383498 0.133172 0.593146
0 0.353922 0.363228 0.076938 0.420258
0 0.727313 0.274472 0.077063 0.247066
0 0.903180 0.190223 0.023328 0.021056
0 0.780016 0.240223 0.046375 0.180869
0 0.229773 0.242993 0.056609 0.278333
0 0.648281 0.218580 0.039062 0.138897
0 0.451078 0.240012 0.117719 0.192606
0 0.065992 0.251056 0.069078 0.283192
0 0.684320 0.216854 0.040391 0.159531
0 0.920500 0.622758 0.159000 0.721573
0 0.195680 0.221796 0.029953 0.216362
0 0.465625 0.291080 0.928125 0.394366
