2 0.278547 0.597871 0.057375 0.034094
11 0.880188 0.732541 0.035063 0.086071
11 0.819008 0.734600 0.032328 0.080024
11 0.838562 0.733282 0.036375 0.079224
11 0.899750 0.729682 0.036969 0.084447
11 0.854625 0.834824 0.029812 0.074965
11 0.798875 0.734435 0.029344 0.074282
2 0.360469 0.753824 0.023281 0.147741
2 0.171617 0.714600 0.026859 0.112353
5 0.263406 0.751259 0.187688 0.280871
11 0.860781 0.732141 0.036375 0.078259
11 0.835594 0.832506 0.029625 0.071788
11 0.819375 0.835659 0.033000 0.076306
11 0.798789 0.834941 0.030922 0.068565
2 0.690148 0.811129 0.122516 0.160847
2 0.253828 0.855212 0.070250 0.071741
