0 0.158656 0.688010 0.075500 0.226104
0 0.111492 0.694344 0.069203 0.212312
0 0.051320 0.705187 0.065391 0.228292
0 0.348984 0.848156 0.026375 0.102271
0 0.413953 0.844927 0.018656 0.079021
0 0.402961 0.817896 0.014453 0.050208
0 0.390180 0.693240 0.026391 0.071896
0 0.427547 0.702313 0.018406 0.043792
0 0.124430 0.579760 0.023922 0.064854
0 0.321797 0.902292 0.040281 0.058042
0 0.430781 0.852073 0.021719 0.083771
0 0.382672 0.656010 0.016063 0.034729
0 0.014578 0.727896 0.029156 0.180875
0 0.394531 0.576042 0.742188 0.606250
