6 0.351406 0.440427 0.342125 0.395562
0 0.652250 0.788771 0.131469 0.400000
0 0.741906 0.702406 0.074094 0.416021
0 0.551969 0.601125 0.230906 0.226958
0 0.965922 0.555469 0.018906 0.024979
0 0.968930 0.708948 0.053266 0.304729
0 0.904727 0.583667 0.037328 0.096042
0 0.879648 0.716875 0.046297 0.248375
0 0.369102 0.824719 0.269672 0.323604
0 0.310602 0.742573 0.084359 0.321813
0 0.820008 0.609333 0.044672 0.075958
0 0.779883 0.593542 0.015984 0.061750
0 0.922078 0.723583 0.057469 0.290708
0 0.935281 0.576906 0.033031 0.061813
0 0.816406 0.556250 0.282813 0.579167
