3 0.224570 0.379947 0.211860 0.245760
11 0.844190 0.623787 0.012580 0.097547
11 0.838440 0.499213 0.021120 0.116347
11 0.859220 0.500360 0.023680 0.100987
11 0.254240 0.628707 0.025280 0.102053
11 0.260710 0.514560 0.014980 0.085653
11 0.195580 0.628027 0.022040 0.098720
11 0.906200 0.624027 0.025840 0.098187
11 0.267530 0.628480 0.017860 0.098293
11 0.737830 0.626333 0.014700 0.095973
11 0.883560 0.624787 0.022320 0.099600
11 0.962570 0.624533 0.074860 0.099573
11 0.955540 0.505187 0.013640 0.095973
11 0.826880 0.332920 0.018000 0.061680
11 0.499000 0.424000 0.998000 0.757333
