2 0.563516 0.729722 0.103375 0.092361
2 0.465398 0.696875 0.081609 0.075069
5 0.339781 0.766285 0.576406 0.467431
0 0.571516 0.548837 0.089938 0.470174
0 0.535867 0.448160 0.045328 0.262708
0 0.450508 0.480903 0.087984 0.382014
0 0.354359 0.464410 0.036250 0.293056
0 0.241562 0.426979 0.066094 0.345208
0 0.142586 0.447187 0.054609 0.269653
2 0.292352 0.578767 0.056578 0.132326
0 0.684406 0.655712 0.130219 0.299965
0 0.501672 0.523003 0.040563 0.163993
2 0.369258 0.645295 0.081547 0.076910
2 0.054297 0.880729 0.108594 0.170903
2 0.063461 0.960382 0.126141 0.079236
2 0.312891 0.553993 0.076875 0.190972
2 0.829289 0.928559 0.071297 0.106493
2 0.742078 0.808819 0.190781 0.382153
3 0.014422 0.692795 0.028844 0.150243
0 0.765211 0.767153 0.077391 0.286944
0 0.081344 0.540104 0.068281 0.171597
0 0.285836 0.392483 0.031266 0.153854
0 0.311563 0.376233 0.033375 0.181632
