2 0.492133 0.931896 0.182016 0.103375
2 0.867188 0.939885 0.124812 0.120229
2 0.272477 0.936656 0.110172 0.116646
2 0.263719 0.808927 0.031031 0.044896
2 0.317461 0.887385 0.073578 0.041937
5 0.373914 0.923625 0.227578 0.069000
5 0.248281 0.861885 0.179094 0.054562
5 0.146031 0.822917 0.149531 0.043292
2 0.354086 0.857969 0.080141 0.088104
2 0.195023 0.788823 0.047734 0.046521
2 0.093547 0.882740 0.082156 0.102646
2 0.157250 0.777198 0.019187 0.041771
2 0.471508 0.987094 0.206766 0.021021
2 0.160109 0.908990 0.108406 0.182021
2 0.096008 0.801177 0.044391 0.018604
5 0.085641 0.798823 0.082719 0.031813
