3 0.473484 0.332214 0.172187 0.256173
6 0.886969 0.630047 0.205406 0.237655
2 0.611055 0.669644 0.200172 0.395159
2 0.104641 0.901276 0.077500 0.177824
0 0.264227 0.621304 0.479891 0.733189
0 0.620398 0.676407 0.203984 0.525835
0 0.037266 0.773039 0.074531 0.453921
11 0.743039 0.412777 0.018797 0.067280
11 0.491125 0.413349 0.009156 0.056904
11 0.741203 0.609184 0.032781 0.014841
11 0.739805 0.524278 0.031453 0.056510
11 0.748859 0.773283 0.004594 0.068405
11 0.504281 0.888246 0.069750 0.037880
11 0.622992 0.421248 0.010297 0.062570
11 0.615344 0.421839 0.010594 0.062589
11 0.553430 0.417186 0.007547 0.071407
11 0.607578 0.419062 0.008781 0.065366
11 0.767523 0.509728 0.015859 0.085310
11 0.780047 0.482683 0.005187 0.039587
11 0.597414 0.415694 0.015016 0.059756
11 0.711719 0.560038 0.567187 0.594747
