2 0.497578 0.775271 0.266125 0.423667
5 0.418070 0.791625 0.832953 0.416750
2 0.838477 0.753927 0.187078 0.420229
2 0.106180 0.670937 0.178641 0.258417
2 0.683430 0.775281 0.217422 0.449437
2 0.921352 0.791010 0.157297 0.373021
2 0.610516 0.562271 0.082281 0.055500
2 0.299023 0.565052 0.122516 0.060646
2 0.026125 0.888760 0.048875 0.222479
13 0.530789 0.525438 0.129703 0.071000
2 0.457477 0.553187 0.021828 0.033625
2 0.097125 0.842344 0.130062 0.114854
3 0.531797 0.493510 0.241625 0.260479
5 0.937414 0.930365 0.122328 0.135937
11 0.489094 0.591219 0.050750 0.024979
11 0.474227 0.614542 0.033453 0.023625
2 0.275922 0.782802 0.268500 0.434396
