0 0.153367 0.625385 0.015297 0.079187
0 0.111977 0.622677 0.021922 0.085021
0 0.225703 0.626719 0.024813 0.066146
0 0.054867 0.623656 0.021297 0.073563
0 0.401953 0.377385 0.042969 0.061396
0 0.582477 0.611260 0.026391 0.037937
0 0.036891 0.628302 0.025406 0.084563
0 0.073234 0.628875 0.020125 0.080500
0 0.177906 0.625385 0.027000 0.080104
0 0.808023 0.456094 0.021297 0.040271
0 0.780281 0.449469 0.024688 0.046229
0 0.021734 0.629740 0.025500 0.074938
0 0.008086 0.621687 0.016172 0.080833
0 0.608594 0.411458 0.317188 0.110417
