2 0.322820 0.595609 0.089047 0.322037
2 0.360922 0.366487 0.078906 0.211991
2 0.240469 0.560773 0.020281 0.105433
2 0.980813 0.849742 0.038375 0.148571
2 0.459281 0.309344 0.026406 0.155129
5 0.590383 0.716136 0.810266 0.544028
0 0.280367 0.628091 0.392828 0.721335
0 0.111937 0.313407 0.113437 0.286347
0 0.493383 0.210152 0.040234 0.059602
5 0.040438 0.372108 0.080875 0.166089
2 0.084437 0.807283 0.064531 0.385433
2 0.481219 0.292424 0.022969 0.137213
5 0.333766 0.325867 0.174687 0.138618
5 0.021664 0.684415 0.039859 0.262319
5 0.406711 0.241792 0.152047 0.037073
5 0.522648 0.246066 0.059016 0.019532
5 0.560680 0.302482 0.041391 0.071663
0 0.889602 0.588888 0.220797 0.525925
5 0.553070 0.264438 0.055203 0.021850
