0 0.633359 0.698540 0.136594 0.179089
0 0.734242 0.375327 0.035984 0.083972
0 0.813930 0.380362 0.048953 0.098014
0 0.455453 0.334813 0.036844 0.066776
0 0.107844 0.283879 0.079812 0.157009
0 0.029258 0.279498 0.058453 0.140864
0 0.743547 0.658411 0.116688 0.233505
0 0.272961 0.158750 0.029078 0.062407
0 0.189992 0.259790 0.047141 0.158458
0 0.697719 0.217699 0.046000 0.038575
0 0.039336 0.277605 0.038766 0.090117
0 0.786930 0.219357 0.047266 0.070678
0 0.449234 0.619217 0.157000 0.270958
0 0.500000 0.216121 0.996875 0.432243
