0 0.431000 0.774009 0.017688 0.040283
0 0.672102 0.855483 0.037578 0.164316
0 0.478063 0.724564 0.021594 0.056108
0 0.440734 0.825802 0.017594 0.043821
0 0.457852 0.826592 0.021391 0.049505
0 0.824094 0.669965 0.054125 0.111769
0 0.498102 0.717394 0.019672 0.045542
0 0.797789 0.651427 0.028797 0.133514
0 0.553695 0.776156 0.021953 0.061792
0 0.606766 0.824363 0.041750 0.143113
0 0.521227 0.749493 0.014641 0.043090
0 0.517344 0.735460 0.009938 0.041108
3 0.596078 0.894257 0.042781 0.054693
3 0.544609 0.821616 0.027312 0.045401
3 0.535664 0.810283 0.031484 0.053208
3 0.514078 0.778066 0.018000 0.041038
3 0.507625 0.762665 0.014531 0.023726
3 0.495484 0.742476 0.018031 0.027217
3 0.639117 0.959717 0.073641 0.077689
3 0.525656 0.784080 0.014781 0.028396
0 0.621508 0.828715 0.025859 0.142241
0 0.709375 0.751179 0.578125 0.308962
