0 0.482352 0.389941 0.125484 0.339693
0 0.605445 0.265425 0.035516 0.207830
0 0.661477 0.257724 0.039359 0.145825
0 0.773844 0.266486 0.035750 0.126179
0 0.864211 0.249741 0.044734 0.121887
0 0.696086 0.269127 0.029609 0.127736
0 0.825695 0.245236 0.039359 0.166509
0 0.908109 0.267913 0.042000 0.114929
0 0.892867 0.262382 0.040922 0.119575
0 0.169648 0.299222 0.025641 0.097642
0 0.101234 0.260672 0.032750 0.098892
0 0.134789 0.297241 0.036734 0.101651
0 0.046562 0.282182 0.039156 0.143939
0 0.283594 0.466981 0.567187 0.518868
