0 0.529711 0.587438 0.245516 0.798208
0 0.777023 0.600229 0.273641 0.779292
0 0.416031 0.356542 0.083187 0.354083
0 0.141867 0.269271 0.097609 0.184958
0 0.830125 0.320625 0.078250 0.237542
0 0.957148 0.354104 0.036391 0.114375
0 0.987242 0.457000 0.025172 0.280458
0 0.327813 0.334156 0.143250 0.364063
0 0.231484 0.658021 0.459250 0.659250
0 0.379805 0.648031 0.427703 0.703937
0 0.213508 0.273292 0.092547 0.160792
0 0.896414 0.385865 0.027578 0.060229
0 0.934813 0.351979 0.053719 0.153667
0 0.606250 0.282292 0.203125 0.231250
