5 0.404016 0.747529 0.805969 0.481279
0 0.665977 0.581265 0.225109 0.770669
0 0.287477 0.453924 0.268141 0.638198
0 0.208320 0.398619 0.135703 0.394448
0 0.112328 0.366860 0.149781 0.440465
0 0.058117 0.331657 0.116234 0.429070
0 0.253164 0.236105 0.080016 0.295698
0 0.186266 0.140029 0.063375 0.168314
0 0.654656 0.106817 0.108344 0.213634
0 0.390211 0.192078 0.146016 0.384157
0 0.085844 0.084549 0.031469 0.062413
0 0.259875 0.116192 0.054125 0.146105
0 0.506086 0.496105 0.261078 0.763663
0 0.859039 0.619404 0.281922 0.761192
