6 0.121719 0.395269 0.177313 0.225246
2 0.608563 0.428571 0.176344 0.231850
11 0.891977 0.144965 0.011547 0.070585
11 0.870852 0.146756 0.012672 0.061991
11 0.827328 0.145703 0.007531 0.058056
11 0.789180 0.293384 0.007609 0.057307
11 0.810617 0.293501 0.011984 0.066253
11 0.820359 0.297611 0.013281 0.058923
11 0.868430 0.303361 0.018141 0.059040
11 0.898414 0.301581 0.014391 0.059789
7 0.774344 0.912576 0.106062 0.145714
10 0.782172 0.930773 0.033437 0.031288
11 0.814500 0.447283 0.015000 0.066511
11 0.844398 0.300351 0.046297 0.062717
11 0.837164 0.144262 0.014172 0.071054
11 0.912398 0.146628 0.015672 0.064543
12 0.288930 0.167717 0.028859 0.059836
2 0.141984 0.883817 0.192094 0.232365
11 0.879695 0.146464 0.009578 0.067213
11 0.597656 0.281030 0.682813 0.398126
