0 0.259188 0.442101 0.122000 0.372840
0 0.707430 0.452817 0.062328 0.180986
0 0.606508 0.412054 0.019641 0.061526
0 0.583906 0.464308 0.029281 0.151995
0 0.546312 0.456502 0.036906 0.171925
0 0.515930 0.468216 0.030797 0.143756
0 0.486180 0.465106 0.030828 0.151948
0 0.824820 0.464730 0.033984 0.123826
0 0.800852 0.461491 0.020578 0.066127
0 0.351430 0.401491 0.083266 0.232230
0 0.432781 0.456068 0.027844 0.126362
0 0.966234 0.490176 0.038125 0.116033
0 0.706695 0.389155 0.035266 0.076995
0 0.500000 0.446009 0.996875 0.215962
