0 0.253852 0.803301 0.202891 0.368106
0 0.291180 0.749067 0.204203 0.397744
0 0.618797 0.803816 0.193687 0.365460
0 0.074539 0.736490 0.149078 0.522507
0 0.797883 0.605571 0.051516 0.251643
0 0.943203 0.641602 0.071281 0.267716
0 0.763484 0.549540 0.025344 0.149666
0 0.716328 0.548259 0.045875 0.179694
0 0.685945 0.473315 0.020078 0.033538
0 0.845727 0.849889 0.149797 0.300223
0 0.230469 0.442688 0.040563 0.177354
0 0.888320 0.611532 0.051141 0.191476
0 0.848437 0.598552 0.041219 0.211421
0 0.499219 0.654596 0.998437 0.685237
