12 0.507289 0.424521 0.055109 0.109375
12 0.609695 0.272385 0.056484 0.081187
12 0.410070 0.428490 0.065797 0.085437
12 0.327844 0.345844 0.092125 0.128854
12 0.470008 0.641813 0.052797 0.078958
12 0.214164 0.239448 0.078422 0.100021
12 0.368781 0.076396 0.083719 0.110625
12 0.148031 0.071208 0.102750 0.134167
12 0.106883 0.196719 0.088453 0.114937
12 0.661047 0.560979 0.090063 0.228000
12 0.219102 0.394385 0.111234 0.146063
12 0.433437 0.294802 0.075969 0.101312
12 0.538109 0.291052 0.052312 0.076146
12 0.492969 0.496875 0.982812 0.822917
