12 0.921960 0.191818 0.023200 0.030535
0 0.503430 0.658864 0.462260 0.653930
0 0.874910 0.528837 0.243740 0.892112
0 0.345060 0.372553 0.136920 0.207995
0 0.365050 0.289733 0.045620 0.109412
0 0.084420 0.424947 0.168840 0.291176
7 0.169600 0.539385 0.132240 0.054813
9 0.453680 0.525495 0.092200 0.041310
9 0.243810 0.604452 0.130100 0.058904
2 0.475880 0.412219 0.093480 0.089198
2 0.170310 0.487286 0.021620 0.077406
2 0.448600 0.303904 0.036360 0.033690
0 0.491570 0.316404 0.037220 0.104840
0 0.170420 0.297981 0.052520 0.064037
0 0.622410 0.319893 0.077340 0.089358
2 0.660600 0.889880 0.154840 0.220241
2 0.030560 0.427353 0.061120 0.104492
2 0.413510 0.372500 0.059540 0.072914
2 0.185740 0.426096 0.053480 0.075348
6 0.741560 0.283783 0.108960 0.121791
6 0.605000 0.284519 0.107200 0.125989
6 0.534940 0.249144 0.047240 0.054225
7 0.769190 0.407968 0.052020 0.070588
7 0.757540 0.372433 0.047840 0.041444
9 0.530730 0.489345 0.062980 0.026176
9 0.094390 0.676698 0.105820 0.073717
