2 0.788648 0.163552 0.027297 0.063479
0 0.456078 0.604729 0.439187 0.567583
0 0.429680 0.312219 0.145547 0.295729
0 0.789789 0.099896 0.062641 0.191875
0 0.912203 0.032615 0.078781 0.065229
0 0.887195 0.028708 0.051422 0.057417
0 0.522570 0.022271 0.064859 0.044542
0 0.293828 0.015312 0.057688 0.030625
2 0.849219 0.029031 0.053812 0.040354
0 0.589594 0.021896 0.057250 0.043792
0 0.959148 0.032208 0.049203 0.062167
0 0.362117 0.017031 0.048703 0.032479
0 0.259266 0.014229 0.035187 0.027417
0 0.633117 0.024677 0.062328 0.044146
