0 0.420461 0.660363 0.008641 0.034309
0 0.930922 0.824040 0.133344 0.351920
0 0.577891 0.704075 0.012125 0.045574
0 0.538352 0.786452 0.027047 0.143817
0 0.720547 0.810925 0.054250 0.222365
0 0.646172 0.741370 0.037812 0.068642
0 0.291883 0.775948 0.021422 0.091429
0 0.323297 0.775609 0.026875 0.093794
0 0.209156 0.859625 0.137594 0.272131
0 0.576039 0.731124 0.020891 0.041077
0 0.794594 0.845796 0.103250 0.307377
0 0.131102 0.760492 0.031234 0.044824
0 0.848188 0.861862 0.063250 0.276276
0 0.572656 0.681499 0.851562 0.313817
