12 0.386445 0.406622 0.038922 0.057817
12 0.313437 0.408170 0.026312 0.051143
0 0.614180 0.784979 0.026891 0.058316
0 0.636617 0.853680 0.064516 0.185863
0 0.732539 0.830094 0.055766 0.191663
0 0.786266 0.834709 0.049938 0.188337
0 0.863852 0.803170 0.049891 0.161726
0 0.672820 0.860135 0.043172 0.185218
0 0.577172 0.844647 0.055875 0.208337
0 0.911359 0.800738 0.031000 0.110624
0 0.948430 0.799813 0.041953 0.144116
0 0.979805 0.797526 0.039234 0.147983
0 0.387664 0.811975 0.037828 0.151019
0 0.160336 0.823857 0.028766 0.138191
0 0.208687 0.824584 0.033687 0.126341
0 0.437500 0.801455 0.815625 0.172557
