0 0.116484 0.593029 0.037094 0.119615
0 0.076805 0.600168 0.026422 0.112933
0 0.162539 0.572296 0.019547 0.072188
0 0.186727 0.572187 0.015391 0.060481
0 0.287617 0.607079 0.031703 0.088005
0 0.258297 0.624808 0.027594 0.056731
0 0.376047 0.583654 0.018188 0.057260
0 0.393133 0.583798 0.018297 0.054808
0 0.359805 0.555276 0.009109 0.040649
0 0.181469 0.617512 0.028781 0.081755
0 0.500289 0.603029 0.011391 0.059615
0 0.041695 0.580373 0.030578 0.107764
0 0.027289 0.576923 0.024266 0.102260
0 0.495312 0.641827 0.987500 0.399038
