11 0.229281 0.500742 0.231396 0.069422
11 0.290375 0.211180 0.325250 0.074859
11 0.264333 0.704711 0.281083 0.071859
11 0.268771 0.886258 0.291292 0.135141
11 0.253479 0.378086 0.319125 0.054516
11 0.280021 0.290750 0.296833 0.032344
11 0.222979 0.628406 0.222625 0.072813
11 0.268969 0.831625 0.186062 0.076594
11 0.238594 0.347133 0.291354 0.059359
11 0.261542 0.254578 0.344542 0.048875
11 0.257635 0.407211 0.308979 0.033797
11 0.258260 0.444000 0.309938 0.038875
11 0.256760 0.583336 0.315312 0.074328
11 0.262760 0.430180 0.315312 0.038297
11 0.254646 0.240305 0.328667 0.043047
11 0.251042 0.494531 0.347917 0.410938
