2 0.691180 0.737939 0.087641 0.073817
2 0.389016 0.882728 0.046281 0.102037
2 0.351617 0.680492 0.034578 0.061499
2 0.598383 0.601874 0.016516 0.047635
0 0.885945 0.647201 0.023766 0.100351
0 0.587016 0.634016 0.029781 0.105785
0 0.564914 0.642670 0.020859 0.098267
0 0.472711 0.615609 0.039641 0.052108
0 0.655297 0.527822 0.016969 0.038876
0 0.464773 0.541604 0.017797 0.047237
0 0.501008 0.551651 0.024859 0.041850
0 0.540773 0.479824 0.007797 0.033653
0 0.593695 0.433630 0.004828 0.020047
0 0.222773 0.557002 0.030672 0.026323
0 0.411477 0.464801 0.005984 0.039859
0 0.406984 0.457049 0.004250 0.031897
0 0.764578 0.616300 0.039656 0.061874
2 0.659406 0.533091 0.009844 0.024356
2 0.503422 0.619590 0.046031 0.054637
2 0.486805 0.616183 0.028297 0.053443
2 0.321250 0.691136 0.043094 0.061101
2 0.774719 0.615316 0.012469 0.041452
2 0.716844 0.544286 0.031906 0.016066
0 0.393750 0.588993 0.756250 0.353630
