0 0.670930 0.399657 0.041953 0.105925
0 0.707742 0.452162 0.022297 0.059667
0 0.736602 0.441944 0.030672 0.089917
0 0.782305 0.464834 0.037359 0.056861
0 0.886516 0.478160 0.030250 0.056445
0 0.857305 0.477869 0.029922 0.055946
0 0.646727 0.360686 0.030922 0.074428
0 0.614938 0.392464 0.033750 0.114241
0 0.819852 0.471081 0.036109 0.059792
0 0.551477 0.352547 0.027891 0.053659
0 0.475492 0.346237 0.020609 0.050146
0 0.437398 0.341580 0.020484 0.056466
0 0.386992 0.339376 0.020516 0.055385
12 0.271070 0.390676 0.101984 0.269667
0 0.110727 0.358545 0.026828 0.121081
3 0.530352 0.393950 0.052703 0.062578
3 0.218852 0.386726 0.028859 0.070374
3 0.188211 0.361892 0.026016 0.021996
3 0.072164 0.360988 0.075953 0.058815
3 0.570383 0.388222 0.014172 0.017775
13 0.636805 0.775426 0.133266 0.216008
3 0.761820 0.383067 0.045203 0.065884
3 0.433656 0.378129 0.010719 0.026861
3 0.481844 0.381736 0.012719 0.020146
13 0.456625 0.910936 0.054219 0.171019
13 0.520195 0.923721 0.064578 0.146861
13 0.758437 0.734584 0.117281 0.336528
13 0.449133 0.772370 0.156578 0.168940
0 0.528906 0.351351 0.939063 0.353430
