0 0.866039 0.722084 0.055641 0.216695
0 0.829984 0.739989 0.037219 0.178467
0 0.803727 0.713715 0.028797 0.208121
0 0.758109 0.685205 0.032000 0.114644
0 0.567719 0.670767 0.035437 0.095788
0 0.406469 0.735605 0.035563 0.179806
0 0.513570 0.650378 0.111266 0.396652
0 0.249031 0.731102 0.039219 0.183326
0 0.610391 0.702451 0.058719 0.178898
0 0.075617 0.714438 0.040234 0.137430
0 0.386258 0.656458 0.048984 0.121944
0 0.965570 0.717819 0.041547 0.074600
0 0.703805 0.708045 0.017297 0.031685
0 0.789062 0.728942 0.037500 0.205184
