5 0.948187 0.690896 0.103625 0.291958
5 0.480680 0.721156 0.380141 0.283188
0 0.447656 0.492854 0.103094 0.178833
0 0.262922 0.716854 0.330344 0.548333
0 0.644586 0.550156 0.164078 0.267813
0 0.705398 0.725021 0.314391 0.549958
0 0.833945 0.409031 0.069234 0.148896
0 0.811469 0.392052 0.051031 0.120104
0 0.720867 0.419052 0.075734 0.208813
0 0.097562 0.600135 0.099094 0.275521
0 0.046750 0.524844 0.071688 0.139604
0 0.271617 0.486854 0.074547 0.147792
0 0.237055 0.421927 0.038734 0.063521
2 0.828703 0.820906 0.098594 0.353479
2 0.893516 0.717625 0.118844 0.345292
2 0.598883 0.515490 0.060234 0.046687
2 0.576844 0.527875 0.035937 0.046708
2 0.386555 0.494531 0.047141 0.086979
2 0.312820 0.490979 0.033641 0.100792
2 0.333375 0.491990 0.025625 0.102854
2 0.051281 0.630677 0.033063 0.068479
2 0.046844 0.767208 0.085750 0.385583
0 0.532680 0.537375 0.122578 0.174250
2 0.093266 0.830281 0.101781 0.339438
2 0.714102 0.567000 0.032266 0.093875
2 0.514500 0.498594 0.025094 0.055313
5 0.330953 0.476042 0.066562 0.057958
2 0.502344 0.490625 0.979688 0.172917
